0 280
0 472
0 480
1 167
1 177
1 192
1 261
1 360
1 381
1 474
2 126
2 135
2 160
2 248
2 368
2 400
2 471
3 61
3 223
3 249
3 380
3 405
3 412
3 462
4 133
4 190
4 207
4 230
4 234
4 335
4 380
4 383
4 401
5 202
5 280
5 297
5 310
5 428
6 137
6 368
6 405
6 497
7 107
7 143
7 176
7 338
7 414
8 39
8 48
8 89
8 90
8 135
8 375
8 397
8 453
9 34
9 197
9 200
9 248
9 269
9 429
10 74
10 249
10 282
10 304
10 404
11 128
11 239
11 295
11 354
12 31
12 151
12 234
12 246
12 330
12 403
12 410
13 15
13 16
13 59
13 191
13 269
13 300
13 318
13 395
14 51
14 96
14 106
14 163
14 201
14 212
14 244
14 325
14 357
14 367
14 402
15 31
15 76
15 155
15 158
15 186
15 196
15 207
15 446
15 460
16 180
16 227
16 236
17 18
17 86
17 173
17 191
17 257
17 263
17 424
18 118
18 149
18 188
18 210
18 244
18 245
18 315
18 364
18 426
18 429
19 148
19 284
19 321
19 408
19 491
20 36
20 227
20 468
21 155
21 157
21 164
21 216
21 240
21 496
22 60
22 73
22 132
22 199
22 243
22 318
22 362
22 406
22 490
23 53
23 214
23 380
23 388
23 462
23 495
24 44
24 52
24 198
24 204
24 220
24 256
24 341
25 30
25 129
25 154
25 172
25 197
25 267
25 363
25 394
25 398
26 146
26 193
26 217
26 315
26 457
27 47
27 190
27 256
27 308
27 327
27 341
27 352
27 354
27 374
27 471
28 38
28 39
28 100
28 292
28 329
28 487
29 117
29 143
29 167
29 254
29 287
29 350
29 389
29 391
29 444
29 453
30 151
30 260
30 417
30 470
30 498
31 51
31 164
31 202
31 332
31 388
32 67
32 73
32 322
32 449
33 245
33 297
33 314
33 365
33 454
34 69
34 139
34 221
34 287
34 435
35 260
35 421
35 496
36 68
36 145
36 222
36 301
36 402
37 118
37 132
37 254
37 427
37 452
38 47
38 58
38 90
38 307
38 318
38 443
39 99
39 106
39 127
39 209
39 210
39 213
39 277
39 449
39 452
40 121
40 216
40 277
40 475
41 213
41 281
41 412
42 109
42 210
42 223
42 244
42 316
42 322
42 388
43 84
43 91
43 252
43 357
43 379
43 382
43 464
44 184
44 263
44 281
44 432
45 254
45 293
45 428
45 431
45 462
45 468
45 490
46 156
46 318
46 330
46 337
46 377
47 268
47 293
47 367
47 447
47 484
48 111
48 162
49 206
49 302
49 452
50 72
50 167
50 253
50 389
50 444
50 482
51 112
51 129
51 351
51 378
51 471
52 70
52 121
52 228
52 288
52 291
52 342
52 357
52 431
52 488
53 365
53 408
54 220
54 244
54 332
54 341
54 477
54 493
55 156
56 89
56 179
56 216
56 248
56 332
57 72
57 97
58 146
58 309
58 339
58 355
58 448
58 467
58 468
58 480
59 108
59 135
59 216
59 236
59 412
59 442
60 136
60 156
60 177
60 323
60 371
60 498
61 122
61 157
61 223
61 334
61 367
61 401
62 126
62 152
62 244
62 475
63 77
63 214
63 386
64 128
64 136
64 208
64 215
64 316
64 346
64 383
64 397
65 73
65 284
65 466
66 234
66 300
66 327
66 336
66 358
66 425
66 458
67 80
67 111
67 194
67 301
67 478
68 117
68 186
68 444
69 300
69 353
69 390
69 413
69 423
70 194
70 286
70 346
71 116
71 378
71 447
72 181
72 439
73 124
73 199
73 249
73 296
73 299
73 312
74 85
74 366
75 101
75 231
75 272
75 302
75 313
75 337
76 131
76 138
76 181
76 241
76 270
76 391
76 460
77 237
77 295
77 296
78 110
78 146
78 272
78 437
78 459
79 191
79 475
80 95
80 140
80 284
80 308
80 355
80 463
80 476
81 157
81 158
81 322
82 244
82 338
82 351
82 429
83 185
83 226
83 287
83 343
83 411
83 421
83 432
83 467
84 258
84 266
84 398
84 417
85 113
85 206
85 443
86 97
86 252
87 197
87 273
87 362
88 237
88 241
88 311
88 316
88 327
88 407
88 449
88 471
88 483
89 111
89 131
89 164
89 197
89 202
89 203
89 400
90 125
90 206
90 257
90 281
90 311
90 346
90 351
90 356
90 357
90 417
91 106
91 230
91 233
91 264
91 311
91 357
91 466
92 104
92 122
92 239
92 302
92 312
92 494
93 94
93 169
93 175
93 400
93 411
93 468
93 498
94 108
94 215
94 236
94 444
94 457
95 162
95 330
95 340
95 349
96 101
96 113
96 156
96 389
97 159
97 203
97 298
97 488
98 112
98 228
98 338
98 367
98 391
98 398
98 444
99 119
99 151
99 212
99 254
99 288
99 357
99 411
99 430
100 149
100 235
100 245
100 259
100 268
100 349
100 368
100 379
100 405
100 409
101 230
101 242
101 244
101 248
101 431
101 448
101 456
102 140
102 141
102 144
102 271
103 147
103 262
103 332
103 367
103 377
103 498
104 149
104 165
104 177
104 217
104 318
105 233
105 240
105 360
105 396
106 168
106 304
106 314
106 358
107 194
107 195
107 315
107 444
107 494
108 124
108 210
108 256
108 261
108 329
108 429
109 176
109 181
109 214
109 217
109 293
109 356
109 387
109 407
109 441
109 449
109 464
109 494
109 498
110 147
110 200
110 463
110 489
111 180
111 226
111 274
111 309
111 313
111 378
112 400
112 424
113 140
113 148
113 179
113 213
113 260
113 275
113 388
114 239
114 276
114 313
114 470
115 178
115 466
116 230
116 342
116 376
117 179
117 261
117 337
117 455
118 174
118 202
118 240
118 419
118 441
118 451
119 186
119 252
119 329
119 481
119 499
121 240
121 267
121 274
121 470
121 471
122 141
123 223
123 233
123 333
123 426
124 234
124 240
124 302
124 428
124 435
125 252
125 268
125 336
125 377
126 273
126 384
127 240
127 250
127 337
128 133
128 136
128 170
128 203
128 253
128 258
128 276
128 488
128 490
129 270
129 304
129 424
129 437
130 275
130 426
131 161
131 174
131 471
132 344
133 241
133 282
133 390
133 450
133 490
134 483
135 265
135 315
135 334
135 479
136 143
136 169
137 244
137 300
137 303
137 345
138 284
138 407
139 233
140 295
140 301
140 346
140 452
141 276
141 417
141 487
142 235
142 401
142 477
143 338
144 263
144 308
144 389
144 392
145 190
145 247
145 445
145 456
145 493
146 171
146 317
146 337
146 365
146 426
147 275
148 249
148 258
148 461
148 463
149 299
149 309
149 315
149 316
149 394
149 444
149 494
150 181
150 189
150 199
150 433
150 468
150 486
151 156
151 317
151 378
151 442
151 482
152 209
152 231
152 285
152 298
152 355
152 415
153 251
153 261
153 315
153 497
154 286
154 382
154 389
154 445
154 474
154 496
155 255
155 362
155 477
156 191
156 302
156 360
156 413
156 445
156 458
157 191
157 371
157 385
157 398
157 422
157 427
157 471
157 497
158 237
159 332
159 388
159 392
159 422
159 441
159 452
160 196
160 224
160 261
160 346
160 348
160 355
160 374
160 482
162 409
162 492
163 245
163 403
163 425
164 178
164 210
164 238
164 272
164 280
164 371
164 431
165 226
165 305
165 382
165 402
165 424
165 478
165 489
166 167
166 314
166 369
167 177
167 327
167 401
167 429
168 185
168 324
168 343
168 362
168 497
169 201
169 365
169 422
169 498
170 262
170 342
170 442
171 198
171 253
171 456
171 489
172 189
172 347
172 353
172 381
172 390
172 427
173 362
173 418
173 441
173 460
173 461
174 242
174 344
175 196
176 197
176 250
176 413
179 223
179 450
180 189
180 292
180 395
181 197
181 201
181 267
181 272
181 329
181 337
181 401
181 405
182 190
182 227
182 253
182 367
183 221
183 302
183 479
184 347
185 232
185 268
185 425
185 479
187 210
187 250
187 318
187 458
188 388
188 445
189 308
189 352
189 367
189 385
189 420
189 466
190 191
190 343
190 370
190 398
191 260
191 292
191 408
191 428
192 226
192 228
192 408
193 216
193 461
194 215
194 253
194 310
194 341
194 357
194 367
194 368
194 437
194 479
194 480
195 416
196 251
196 259
196 418
196 441
196 485
197 333
198 222
198 293
198 299
199 241
199 277
199 303
199 457
200 458
200 490
201 333
201 421
201 453
202 282
202 312
202 313
202 330
202 434
202 492
203 217
203 289
203 306
203 329
203 367
203 371
203 373
203 482
204 329
204 344
204 406
204 448
205 214
205 285
205 363
205 484
206 369
206 491
207 239
207 279
207 283
207 341
207 453
207 472
208 280
208 439
208 455
208 457
208 493
209 372
209 462
210 226
210 236
210 241
210 426
210 488
211 291
211 385
211 422
212 302
212 342
213 278
213 289
213 350
213 430
214 334
214 426
214 453
215 248
215 251
215 274
215 298
215 373
215 379
215 480
216 225
216 255
216 259
216 308
216 317
216 332
216 340
216 460
217 246
217 333
217 388
218 375
218 394
219 338
219 420
219 432
220 336
220 386
220 492
221 259
221 278
221 362
222 403
223 269
223 323
223 339
223 489
223 493
224 278
224 344
224 377
224 395
224 445
225 352
225 368
225 462
226 361
227 336
227 348
227 368
227 447
228 285
228 291
228 355
228 386
228 437
228 455
228 491
229 316
229 344
229 357
229 412
230 263
230 266
230 319
230 335
230 349
230 354
230 489
231 233
231 486
232 247
232 262
232 330
232 379
232 491
233 257
233 272
233 309
233 413
233 476
233 488
233 498
234 423
234 494
235 277
235 303
235 360
236 238
236 252
236 274
236 317
236 366
236 493
237 279
238 291
238 434
239 360
239 418
239 460
240 340
240 381
240 393
240 475
240 477
241 267
241 336
241 378
241 388
241 428
241 446
241 461
242 327
242 462
242 485
243 310
243 342
243 377
243 413
244 246
244 327
244 359
244 364
244 409
244 413
245 313
245 350
245 371
245 426
245 483
246 263
247 254
247 343
247 409
247 422
247 499
248 254
249 424
250 368
251 261
251 290
251 443
253 257
253 260
253 271
253 356
253 374
253 421
254 267
254 274
254 312
254 323
255 264
255 335
256 314
256 385
257 488
258 296
258 381
258 405
258 413
259 260
259 301
259 382
259 401
259 405
259 474
260 276
260 347
260 492
261 349
261 394
262 381
263 302
263 343
263 376
263 413
263 440
263 479
264 267
264 363
264 379
264 412
264 442
264 492
265 278
265 413
266 267
266 438
267 411
267 481
268 318
269 304
269 305
269 331
270 421
271 327
272 417
274 415
274 440
274 443
275 356
276 398
276 489
277 351
277 467
277 477
277 483
279 395
281 305
281 394
282 339
284 382
285 293
285 395
285 431
287 339
287 419
287 486
288 385
289 410
290 361
290 389
290 467
291 342
291 491
292 295
292 459
293 364
293 372
294 307
294 338
294 367
294 397
294 462
294 469
295 306
295 353
295 385
296 371
296 377
296 400
296 458
297 374
298 404
299 392
299 435
299 475
300 317
300 320
300 391
300 443
300 462
300 469
302 303
302 377
302 382
303 326
303 366
303 443
304 356
304 451
305 306
305 310
306 355
306 447
307 329
307 394
307 453
307 461
308 330
308 442
309 384
309 413
309 417
310 326
310 416
311 350
311 417
311 429
311 493
312 314
312 318
313 324
313 326
314 337
315 352
315 375
316 369
316 381
317 450
318 426
318 481
319 421
320 415
320 463
321 368
321 373
321 411
322 444
322 481
322 485
322 493
324 343
325 358
326 346
329 486
330 380
330 392
331 399
332 416
332 447
333 360
333 372
333 416
334 364
334 376
335 452
336 390
338 346
338 468
340 362
341 358
342 356
342 370
342 401
342 457
342 486
343 471
345 420
345 434
345 451
346 451
347 434
348 400
348 445
350 399
350 494
351 357
351 403
351 470
351 476
351 491
352 494
353 377
353 450
353 493
353 496
354 380
356 385
356 464
357 388
357 400
357 497
358 453
358 463
358 473
359 372
360 425
360 443
360 454
361 424
361 462
362 455
362 481
363 422
364 455
366 493
367 478
368 407
369 379
369 423
369 470
369 496
370 408
370 440
370 497
371 385
372 398
372 417
372 436
374 434
374 499
375 475
376 408
377 388
378 489
380 391
380 466
381 427
382 424
382 441
382 488
385 431
386 420
386 450
387 394
387 448
388 496
390 475
391 479
392 398
392 465
393 497
394 396
394 438
394 459
395 436
395 438
395 454
397 407
399 447
399 482
399 489
400 492
401 418
402 438
404 412
404 426
405 414
406 420
406 430
406 464
407 493
408 478
409 445
410 421
410 458
411 455
412 494
413 446
414 478
415 458
415 463
416 468
417 493
419 452
419 480
420 438
420 439
421 433
424 484
425 496
426 476
426 488
427 439
428 442
428 491
430 469
431 496
432 480
434 459
435 450
437 476
439 481
442 478
445 456
449 459
449 488
453 490
457 478
457 485
458 467
463 469
464 487
466 480
467 471
467 487
474 493
476 494
480 485
480 497
482 498
486 488
