0 1
0 10
0 11
0 15
0 24
0 25
0 35
0 49
0 68
0 118
0 137
0 145
0 156
0 172
0 214
0 232
0 268
0 352
0 364
0 448
1 2
1 10
1 16
1 19
1 47
1 48
1 50
1 62
1 69
1 74
1 83
1 150
1 178
1 192
1 219
1 227
1 265
1 271
1 382
1 411
2 3
2 10
2 11
2 12
2 13
2 14
2 17
2 18
2 23
2 26
2 34
2 40
2 42
2 45
2 50
2 51
2 53
2 57
2 69
2 88
2 101
2 111
2 116
2 118
2 141
2 153
2 183
2 190
2 253
2 330
2 360
2 378
2 396
2 421
3 4
3 17
3 24
3 25
3 43
3 93
3 141
3 160
3 244
3 268
3 316
3 327
3 422
3 432
3 498
4 5
4 12
4 17
4 34
4 38
4 41
4 51
4 66
4 84
4 153
4 157
4 161
4 179
4 197
4 206
4 215
4 224
4 240
4 243
4 304
4 346
4 405
5 6
5 16
5 20
5 23
5 32
5 48
5 91
5 124
5 127
5 133
5 146
5 182
5 200
5 224
5 242
5 250
5 256
5 292
5 295
5 355
5 374
5 384
5 393
5 418
6 7
6 19
6 22
6 27
6 30
6 31
6 64
6 92
6 103
6 111
6 116
6 123
6 151
6 195
6 266
6 313
6 337
6 363
6 370
6 372
6 460
7 8
7 15
7 37
7 39
7 45
7 93
7 95
7 100
7 102
7 120
7 139
7 156
7 186
7 325
7 385
8 9
8 13
8 18
8 30
8 44
8 53
8 65
8 77
8 148
8 154
8 155
8 171
8 204
8 211
8 225
8 233
8 244
8 260
8 266
8 277
8 290
8 392
8 466
8 481
9 11
9 14
9 30
9 162
9 183
9 237
9 278
9 292
9 373
9 449
10 19
10 75
10 133
10 187
10 212
10 345
10 352
11 12
11 14
11 18
11 20
11 24
11 26
11 31
11 35
11 36
11 38
11 41
11 55
11 57
11 58
11 61
11 63
11 66
11 69
11 71
11 75
11 78
11 82
11 86
11 87
11 89
11 95
11 104
11 121
11 123
11 130
11 135
11 143
11 147
11 174
11 189
11 192
11 194
11 197
11 202
11 217
11 220
11 221
11 255
11 263
11 283
11 297
11 314
11 331
11 335
11 339
11 344
11 413
11 423
11 436
11 468
11 473
11 480
12 13
12 15
12 23
12 28
12 40
12 81
12 88
12 269
12 280
12 351
12 388
13 35
13 36
13 59
13 89
13 100
13 114
13 119
13 129
13 131
13 150
13 164
13 184
13 195
13 279
13 313
13 317
13 362
13 456
14 21
14 27
14 32
14 42
14 90
14 126
14 148
14 173
14 177
14 209
14 218
14 232
14 249
14 256
14 268
14 269
14 276
14 311
14 444
15 16
15 20
15 21
15 37
15 70
15 77
15 90
15 102
15 104
15 115
15 122
15 131
15 135
15 147
15 158
15 159
15 161
15 213
15 259
15 339
15 354
15 357
15 366
15 367
15 388
15 411
15 453
15 473
15 481
15 486
16 37
16 46
16 56
16 60
16 73
16 76
16 152
16 361
16 433
16 488
17 25
17 29
17 44
17 46
17 52
17 74
17 105
17 205
17 217
17 235
17 281
17 367
17 450
18 21
18 43
18 65
18 78
18 130
18 170
18 315
19 22
19 32
19 45
19 62
19 132
19 136
19 282
19 306
19 327
19 339
19 340
19 383
19 426
20 22
20 26
20 84
20 85
20 393
20 482
21 28
21 33
21 39
21 102
21 118
21 146
21 172
21 176
21 187
21 300
21 385
21 435
21 443
21 447
21 479
22 36
22 43
22 50
22 53
22 60
22 112
22 134
22 149
22 228
22 310
22 336
22 381
22 384
22 399
22 423
22 451
22 487
23 42
23 64
23 98
23 104
23 114
23 152
23 199
23 243
23 276
23 305
24 33
24 38
24 39
24 60
24 67
24 71
24 119
24 127
24 146
24 159
24 190
24 223
24 247
24 280
24 284
24 368
24 390
24 414
24 440
25 27
25 28
25 73
25 103
25 127
25 144
25 165
25 205
25 264
25 267
25 321
25 344
25 375
26 29
26 79
26 338
26 439
27 31
27 46
27 51
27 59
27 106
27 107
27 108
27 115
27 137
27 156
27 166
27 194
27 341
27 394
27 418
27 485
27 499
28 29
28 34
28 41
28 52
28 70
28 95
28 126
28 137
28 182
28 226
28 432
28 479
29 33
29 44
29 56
29 58
29 108
29 115
29 299
29 316
29 401
30 72
30 163
30 166
30 185
30 313
30 462
31 55
31 68
31 285
31 289
31 324
32 83
32 214
32 230
32 301
33 40
33 112
33 114
33 125
33 169
33 174
33 176
33 179
33 189
33 298
33 329
33 338
33 349
33 378
33 389
33 428
33 458
34 86
35 96
35 103
35 124
35 201
35 202
35 232
35 278
35 346
35 472
35 487
36 48
36 88
36 98
36 171
36 287
36 366
36 416
37 49
37 65
37 66
37 73
37 79
37 128
37 132
37 136
37 178
37 181
37 184
37 216
37 233
37 249
37 250
37 258
37 386
37 445
37 493
38 47
38 97
38 100
38 119
38 174
38 188
38 243
38 264
38 323
38 352
38 376
38 425
39 204
39 223
39 254
39 263
39 294
39 316
39 347
39 430
39 433
39 440
39 467
40 497
41 67
41 129
41 186
41 233
41 259
41 336
42 54
42 74
42 94
42 167
42 210
42 297
42 321
42 326
42 427
42 456
43 54
43 91
43 106
43 133
43 181
43 191
43 193
43 217
43 271
43 286
43 287
43 323
43 328
43 420
43 489
43 490
43 498
44 47
44 64
44 106
44 117
44 157
44 188
44 340
44 351
44 364
44 366
45 49
45 87
45 429
46 91
46 131
46 140
46 398
47 68
47 80
47 138
47 193
47 208
47 379
48 72
48 86
48 98
49 59
49 63
49 67
49 80
49 87
49 94
49 101
49 105
49 125
49 153
49 170
49 178
49 208
49 216
49 253
49 257
49 304
49 350
50 54
50 57
50 62
50 122
50 123
50 141
50 283
50 323
50 395
50 496
51 52
51 61
51 85
51 99
51 109
51 111
51 120
51 142
51 262
51 267
51 292
51 314
51 415
52 63
52 70
52 76
52 77
52 82
52 99
52 117
52 144
52 165
52 175
52 207
52 241
52 282
52 351
52 488
53 58
53 81
53 120
53 154
53 158
53 160
53 211
53 215
53 235
54 55
54 56
54 92
54 198
54 203
54 286
54 345
54 462
55 97
55 101
55 113
55 166
55 201
55 224
55 241
55 262
56 80
56 110
56 140
56 180
56 261
56 274
56 452
56 457
57 92
57 294
57 314
57 359
57 412
57 434
57 467
57 472
58 61
58 75
58 128
58 301
59 71
59 89
59 113
59 201
59 363
59 464
59 489
60 79
60 342
61 173
61 246
61 476
62 134
63 72
63 76
63 85
63 117
63 128
63 169
63 377
63 398
63 406
63 431
63 482
65 357
65 369
65 426
66 245
66 310
66 495
67 97
67 380
68 78
68 83
68 173
68 196
68 197
68 301
68 303
69 214
69 246
69 494
70 82
70 107
70 159
71 116
71 132
71 138
71 169
71 206
71 207
71 242
71 288
71 296
71 343
71 359
71 457
72 167
72 198
72 303
72 317
72 419
72 430
73 81
73 129
73 139
73 188
73 436
74 149
74 289
74 494
75 157
75 213
75 377
75 442
76 168
76 288
76 322
76 332
77 393
78 335
78 470
79 130
79 149
79 185
79 252
80 84
80 138
80 143
80 289
80 343
80 382
80 470
80 497
81 108
81 112
81 140
81 142
81 248
81 308
81 371
81 421
82 167
82 218
82 240
83 171
83 231
84 90
84 144
84 302
84 304
84 404
85 229
85 488
86 121
86 139
86 185
86 199
86 317
86 404
87 269
87 462
88 96
88 245
88 247
88 272
88 309
88 431
89 99
89 386
89 389
89 460
90 93
90 392
91 126
91 134
91 210
91 256
91 262
91 329
92 94
92 107
92 109
92 142
92 162
92 165
92 177
92 229
92 333
92 401
92 403
92 411
93 150
93 254
93 383
93 422
94 147
94 343
95 96
95 109
95 145
95 158
95 163
95 266
95 271
95 279
95 391
95 405
95 455
95 491
95 498
96 105
96 110
96 170
96 193
96 221
96 222
96 237
96 455
96 473
96 486
97 260
97 334
98 155
98 175
98 196
98 293
98 404
100 184
100 221
100 379
100 412
100 438
100 465
101 328
103 154
103 302
104 294
104 355
105 113
105 205
105 287
105 307
105 463
106 180
106 207
106 238
106 240
106 253
106 420
106 438
106 491
107 226
107 228
107 307
107 321
107 340
108 226
108 234
109 110
109 124
109 293
109 415
109 434
112 209
112 288
112 311
112 315
112 330
112 346
112 349
112 406
112 454
113 250
114 168
114 179
114 186
114 231
114 285
114 364
115 337
116 125
116 298
116 451
117 121
117 190
117 202
117 211
117 284
117 291
117 420
118 122
118 254
118 310
119 318
120 160
120 492
121 151
122 148
122 249
122 261
122 333
122 380
123 155
123 163
123 373
123 471
124 203
124 476
125 135
125 356
126 152
126 183
126 270
127 136
127 145
127 348
127 454
128 199
128 219
128 257
128 348
129 342
129 387
130 172
130 198
130 265
130 270
130 332
130 408
130 429
130 438
131 222
132 192
132 358
132 409
133 196
133 255
133 354
134 143
134 210
136 161
136 162
136 230
136 248
136 260
136 273
136 274
136 278
136 485
136 492
137 446
137 471
139 151
139 168
139 258
139 282
139 342
139 356
139 399
139 419
139 450
139 474
140 200
140 296
140 370
140 427
142 237
142 394
143 255
143 273
143 312
143 374
143 474
144 220
144 320
144 373
144 429
144 443
144 483
145 475
145 479
146 176
146 187
147 424
147 470
147 493
148 275
148 303
148 494
149 164
150 177
150 291
151 324
153 212
153 283
154 227
154 239
154 372
154 456
155 180
156 244
156 264
156 326
156 333
156 409
157 182
157 276
157 308
157 319
158 209
158 228
158 318
158 353
158 413
158 417
159 189
160 164
160 286
160 298
160 354
160 367
160 460
160 480
161 175
161 391
161 482
162 195
162 213
162 277
162 431
162 469
163 203
163 369
163 441
164 194
164 267
165 258
166 230
166 246
167 334
167 414
167 478
168 329
168 392
170 215
171 335
172 206
172 236
172 272
172 371
173 218
173 236
173 265
173 387
174 397
175 220
175 248
175 285
175 297
175 302
175 390
176 191
176 223
176 341
176 424
176 428
177 181
177 235
178 442
178 466
179 222
180 299
182 200
183 437
183 450
184 360
184 468
185 219
185 472
186 358
186 396
186 409
186 410
186 477
187 208
187 242
187 300
187 361
187 441
189 191
189 238
189 251
189 296
189 322
189 359
189 368
189 403
189 449
190 204
190 234
190 338
190 353
190 360
190 376
190 449
190 465
191 241
191 290
191 444
191 481
192 259
192 495
195 378
196 225
196 312
196 345
197 239
198 398
200 212
200 365
200 402
200 487
201 471
202 281
202 358
203 422
203 437
205 403
205 485
206 272
206 279
206 305
206 435
207 225
208 341
208 433
208 434
210 362
211 216
212 229
212 270
212 446
213 231
213 234
213 251
213 290
213 357
213 369
213 447
214 227
214 309
214 440
215 236
215 261
215 416
215 469
215 492
216 247
216 395
217 386
217 448
218 238
218 453
218 483
220 308
220 415
220 427
221 252
221 465
222 371
223 239
224 326
225 245
225 425
226 356
226 461
227 414
228 295
229 251
229 275
229 474
230 319
230 362
231 263
231 306
231 419
232 407
234 328
234 330
234 461
234 483
235 257
235 353
235 400
236 277
237 252
237 312
238 309
238 451
239 275
241 370
241 484
242 384
243 381
243 490
244 293
244 372
244 406
244 407
246 315
247 332
247 390
248 274
248 455
248 491
249 273
251 305
251 347
252 320
252 383
252 469
253 306
253 376
253 476
255 344
255 408
255 410
255 416
255 458
255 459
256 365
257 350
260 493
262 413
262 453
263 280
263 423
264 446
267 391
268 331
268 388
268 499
269 396
269 418
269 425
270 319
270 355
270 394
270 445
270 454
272 484
273 291
273 463
274 452
274 499
276 307
276 375
276 379
276 464
278 368
278 417
279 281
279 331
280 497
281 324
281 375
281 402
281 439
281 496
282 284
282 299
282 437
283 432
284 295
285 400
286 322
286 334
286 407
289 311
289 325
290 408
291 468
292 443
294 400
294 441
295 442
299 300
299 347
299 363
299 397
301 428
303 325
307 320
308 318
308 349
309 337
310 477
311 426
312 430
315 495
316 395
317 361
317 377
318 327
318 397
321 336
321 385
321 480
327 381
329 350
332 348
333 452
333 475
337 399
341 412
344 489
345 387
348 382
351 439
353 365
363 374
363 448
363 457
368 380
368 405
373 389
379 417
380 435
383 410
390 421
390 436
392 444
392 478
394 401
394 490
395 467
399 402
401 459
405 478
406 445
406 459
408 464
410 463
415 496
419 486
422 424
423 447
427 475
443 458
446 461
455 466
467 484
472 477
