0 1
0 1
0 2
0 2
0 3
0 3
0 4
0 4
0 5
0 5
0 6
0 6
0 7
0 7
0 8
0 8
0 9
0 9
0 10
0 10
0 11
0 11
0 12
0 12
0 13
0 13
0 14
0 14
0 15
0 15
0 16
0 16
0 17
0 17
0 18
0 18
0 19
0 19
0 20
0 20
0 21
0 21
0 22
0 22
0 23
0 23
0 24
0 24
0 25
0 25
0 26
0 26
0 27
0 27
0 28
0 28
0 29
0 29
0 30
0 30
0 32
0 32
0 33
0 33
0 34
0 34
0 35
0 35
0 36
0 36
0 37
0 37
0 38
0 38
0 39
0 39
0 40
0 40
0 41
0 41
0 42
0 42
0 43
0 43
0 44
0 44
0 45
0 45
0 46
0 46
0 47
0 47
0 48
0 48
0 49
0 49
0 50
0 50
0 51
0 51
0 52
0 52
0 53
0 53
0 54
0 54
0 55
0 55
0 56
0 56
0 59
0 59
0 60
0 60
0 61
0 61
0 62
0 62
0 63
0 63
0 64
0 64
0 65
0 65
0 66
0 66
0 67
0 67
0 68
0 68
0 69
0 69
0 72
0 72
0 73
0 73
0 74
0 74
0 76
0 76
0 77
0 77
0 78
0 78
0 79
0 79
0 81
0 81
0 82
0 82
0 83
0 83
0 84
0 84
0 85
0 85
0 86
0 86
0 89
0 89
0 92
0 92
0 95
0 95
0 99
0 99
0 100
0 100
0 105
0 105
0 106
0 106
0 107
0 107
0 111
0 111
0 116
0 116
0 118
0 118
0 128
0 128
0 135
0 135
0 153
0 153
0 168
0 168
0 174
0 174
0 253
0 253
0 254
0 254
0 255
0 255
0 256
0 256
0 257
0 257
0 258
0 258
0 259
0 259
0 260
0 260
0 261
0 261
0 262
0 262
0 263
0 263
0 264
0 264
0 265
0 265
0 266
0 266
0 267
0 267
0 268
0 268
0 269
0 269
0 270
0 270
0 271
0 271
0 272
0 272
0 273
0 273
0 274
0 274
0 275
0 275
0 276
0 276
0 277
0 277
0 278
0 278
0 279
0 279
0 280
0 280
0 281
0 281
0 282
0 282
0 283
0 283
0 284
0 284
0 285
0 285
0 286
0 286
0 287
0 287
0 288
0 288
0 289
0 289
0 290
0 290
0 291
0 291
0 292
0 292
0 293
0 293
0 294
0 294
0 295
0 295
0 296
0 296
0 297
0 297
0 298
0 298
0 299
0 299
0 300
0 300
0 301
0 301
0 302
0 302
1 2
1 2
1 3
1 3
1 4
1 4
1 5
1 5
1 6
1 6
1 7
1 7
1 8
1 8
1 9
1 9
1 10
1 10
1 11
1 11
1 12
1 12
1 13
1 13
1 14
1 14
1 15
1 15
1 16
1 16
1 17
1 17
1 18
1 18
1 19
1 19
1 20
1 20
1 21
1 21
1 22
1 22
1 24
1 24
1 25
1 25
1 26
1 26
1 27
1 27
1 28
1 28
1 29
1 29
1 30
1 30
1 31
1 31
1 32
1 32
1 33
1 33
1 34
1 34
1 35
1 35
1 36
1 36
1 37
1 37
1 39
1 39
1 40
1 40
1 41
1 41
1 42
1 42
1 43
1 43
1 44
1 44
1 46
1 46
1 47
1 47
1 48
1 48
1 49
1 49
1 50
1 50
1 51
1 51
1 52
1 52
1 53
1 53
1 54
1 54
1 55
1 55
1 56
1 56
1 57
1 57
1 59
1 59
1 60
1 60
1 61
1 61
1 62
1 62
1 63
1 63
1 64
1 64
1 65
1 65
1 66
1 66
1 67
1 67
1 68
1 68
1 69
1 69
1 70
1 70
1 71
1 71
1 72
1 72
1 73
1 73
1 74
1 74
1 76
1 76
1 77
1 77
1 78
1 78
1 79
1 79
1 80
1 80
1 81
1 81
1 83
1 83
1 84
1 84
1 85
1 85
1 87
1 87
1 89
1 89
1 91
1 91
1 92
1 92
1 95
1 95
1 99
1 99
1 100
1 100
1 101
1 101
1 104
1 104
1 106
1 106
1 108
1 108
1 110
1 110
1 116
1 116
1 117
1 117
1 118
1 118
1 122
1 122
1 124
1 124
1 127
1 127
1 131
1 131
1 137
1 137
1 139
1 139
1 156
1 156
1 210
1 210
1 256
1 256
1 258
1 258
1 259
1 259
1 260
1 260
1 262
1 262
1 264
1 264
1 266
1 266
1 268
1 268
1 269
1 269
1 272
1 272
1 276
1 276
1 279
1 279
1 280
1 280
1 287
1 287
1 290
1 290
1 291
1 291
1 292
1 292
1 295
1 295
1 297
1 297
1 299
1 299
1 300
1 300
1 302
1 302
1 303
1 303
1 304
1 304
1 305
1 305
1 306
1 306
1 307
1 307
1 308
1 308
1 309
1 309
1 310
1 310
1 311
1 311
1 312
1 312
1 313
1 313
1 314
1 314
2 3
2 3
2 4
2 4
2 5
2 5
2 6
2 6
2 7
2 7
2 8
2 8
2 9
2 9
2 10
2 10
2 11
2 11
2 12
2 12
2 13
2 13
2 14
2 14
2 15
2 15
2 16
2 16
2 17
2 17
2 18
2 18
2 19
2 19
2 20
2 20
2 21
2 21
2 22
2 22
2 23
2 23
2 24
2 24
2 25
2 25
2 26
2 26
2 27
2 27
2 28
2 28
2 29
2 29
2 30
2 30
2 31
2 31
2 32
2 32
2 33
2 33
2 34
2 34
2 35
2 35
2 36
2 36
2 37
2 37
2 38
2 38
2 39
2 39
2 40
2 40
2 41
2 41
2 42
2 42
2 43
2 43
2 44
2 44
2 46
2 46
2 47
2 47
2 48
2 48
2 49
2 49
2 50
2 50
2 51
2 51
2 52
2 52
2 54
2 54
2 55
2 55
2 56
2 56
2 57
2 57
2 58
2 58
2 59
2 59
2 60
2 60
2 61
2 61
2 62
2 62
2 63
2 63
2 64
2 64
2 65
2 65
2 66
2 66
2 67
2 67
2 70
2 70
2 73
2 73
2 76
2 76
2 77
2 77
2 78
2 78
2 79
2 79
2 80
2 80
2 81
2 81
2 82
2 82
2 86
2 86
2 90
2 90
2 91
2 91
2 92
2 92
2 93
2 93
2 96
2 96
2 97
2 97
2 103
2 103
2 104
2 104
2 107
2 107
2 130
2 130
2 135
2 135
2 145
2 145
2 148
2 148
2 165
2 165
2 206
2 206
2 212
2 212
2 258
2 258
2 259
2 259
2 262
2 262
2 263
2 263
2 266
2 266
2 268
2 268
2 272
2 272
2 276
2 276
2 279
2 279
2 281
2 281
2 284
2 284
2 286
2 286
2 290
2 290
2 291
2 291
2 293
2 293
2 296
2 296
2 299
2 299
2 300
2 300
2 302
2 302
2 308
2 308
2 309
2 309
2 313
2 313
2 315
2 315
2 316
2 316
2 317
2 317
2 318
2 318
2 319
2 319
2 320
2 320
2 321
2 321
2 322
2 322
2 323
2 323
2 324
2 324
2 325
2 325
2 326
2 326
2 327
2 327
2 328
2 328
2 329
2 329
2 330
2 330
2 331
2 331
2 332
2 332
2 333
2 333
3 4
3 4
3 5
3 5
3 6
3 6
3 7
3 7
3 8
3 8
3 9
3 9
3 10
3 10
3 11
3 11
3 12
3 12
3 13
3 13
3 14
3 14
3 16
3 16
3 17
3 17
3 18
3 18
3 19
3 19
3 20
3 20
3 21
3 21
3 22
3 22
3 23
3 23
3 24
3 24
3 26
3 26
3 27
3 27
3 28
3 28
3 29
3 29
3 30
3 30
3 31
3 31
3 32
3 32
3 33
3 33
3 34
3 34
3 35
3 35
3 36
3 36
3 37
3 37
3 38
3 38
3 39
3 39
3 40
3 40
3 42
3 42
3 43
3 43
3 44
3 44
3 46
3 46
3 47
3 47
3 48
3 48
3 49
3 49
3 51
3 51
3 52
3 52
3 55
3 55
3 57
3 57
3 58
3 58
3 62
3 62
3 65
3 65
3 70
3 70
3 75
3 75
3 96
3 96
3 112
3 112
3 114
3 114
3 262
3 262
3 268
3 268
3 290
3 290
3 299
3 299
3 334
3 334
3 335
3 335
3 336
3 336
3 337
3 337
3 338
3 338
3 339
3 339
3 340
3 340
3 341
3 341
3 342
3 342
3 343
3 343
3 344
3 344
3 345
3 345
3 346
3 346
3 347
3 347
3 348
3 348
4 5
4 5
4 6
4 6
4 7
4 7
4 8
4 8
4 9
4 9
4 10
4 10
4 11
4 11
4 12
4 12
4 13
4 13
4 14
4 14
4 16
4 16
4 17
4 17
4 18
4 18
4 19
4 19
4 20
4 20
4 21
4 21
4 22
4 22
4 23
4 23
4 24
4 24
4 25
4 25
4 26
4 26
4 27
4 27
4 28
4 28
4 29
4 29
4 30
4 30
4 31
4 31
4 32
4 32
4 33
4 33
4 34
4 34
4 35
4 35
4 36
4 36
4 37
4 37
4 38
4 38
4 39
4 39
4 40
4 40
4 41
4 41
4 42
4 42
4 43
4 43
4 44
4 44
4 46
4 46
4 47
4 47
4 48
4 48
4 49
4 49
4 50
4 50
4 51
4 51
4 52
4 52
4 53
4 53
4 57
4 57
4 58
4 58
4 60
4 60
4 61
4 61
4 62
4 62
4 64
4 64
4 65
4 65
4 66
4 66
4 67
4 67
4 70
4 70
4 71
4 71
4 77
4 77
4 96
4 96
4 102
4 102
4 112
4 112
4 148
4 148
4 165
4 165
4 171
4 171
4 234
4 234
4 262
4 262
4 276
4 276
4 281
4 281
4 290
4 290
4 299
4 299
4 309
4 309
4 313
4 313
4 318
4 318
4 334
4 334
4 335
4 335
4 336
4 336
4 340
4 340
4 341
4 341
4 343
4 343
4 344
4 344
4 348
4 348
4 349
4 349
4 350
4 350
4 351
4 351
4 352
4 352
4 353
4 353
5 6
5 6
5 7
5 7
5 8
5 8
5 9
5 9
5 10
5 10
5 11
5 11
5 12
5 12
5 13
5 13
5 14
5 14
5 15
5 15
5 16
5 16
5 17
5 17
5 18
5 18
5 19
5 19
5 20
5 20
5 21
5 21
5 22
5 22
5 23
5 23
5 24
5 24
5 25
5 25
5 26
5 26
5 27
5 27
5 28
5 28
5 29
5 29
5 30
5 30
5 31
5 31
5 32
5 32
5 33
5 33
5 34
5 34
5 35
5 35
5 36
5 36
5 37
5 37
5 39
5 39
5 40
5 40
5 42
5 42
5 43
5 43
5 44
5 44
5 46
5 46
5 47
5 47
5 48
5 48
5 49
5 49
5 50
5 50
5 51
5 51
5 52
5 52
5 55
5 55
5 57
5 57
5 59
5 59
5 62
5 62
5 64
5 64
5 65
5 65
5 67
5 67
5 70
5 70
5 71
5 71
5 75
5 75
5 77
5 77
5 80
5 80
5 91
5 91
5 96
5 96
5 97
5 97
5 99
5 99
5 102
5 102
5 104
5 104
5 112
5 112
5 113
5 113
5 114
5 114
5 116
5 116
5 117
5 117
5 121
5 121
5 133
5 133
5 142
5 142
5 148
5 148
5 159
5 159
5 165
5 165
5 171
5 171
5 185
5 185
5 194
5 194
5 197
5 197
5 209
5 209
5 211
5 211
5 212
5 212
5 217
5 217
5 218
5 218
5 219
5 219
5 229
5 229
5 240
5 240
5 262
5 262
5 268
5 268
5 276
5 276
5 279
5 279
5 290
5 290
5 299
5 299
5 307
5 307
5 308
5 308
5 310
5 310
5 313
5 313
5 318
5 318
5 324
5 324
5 334
5 334
5 343
5 343
5 350
5 350
5 353
5 353
5 354
5 354
5 355
5 355
5 356
5 356
5 357
5 357
5 358
5 358
5 359
5 359
5 360
5 360
5 361
5 361
5 362
5 362
5 363
5 363
5 364
5 364
5 365
5 365
5 366
5 366
5 367
5 367
5 368
5 368
5 369
5 369
6 7
6 7
6 8
6 8
6 9
6 9
6 10
6 10
6 11
6 11
6 12
6 12
6 13
6 13
6 14
6 14
6 15
6 15
6 16
6 16
6 17
6 17
6 18
6 18
6 19
6 19
6 20
6 20
6 21
6 21
6 22
6 22
6 23
6 23
6 24
6 24
6 25
6 25
6 26
6 26
6 27
6 27
6 28
6 28
6 29
6 29
6 30
6 30
6 31
6 31
6 32
6 32
6 33
6 33
6 35
6 35
6 36
6 36
6 37
6 37
6 39
6 39
6 40
6 40
6 41
6 41
6 42
6 42
6 43
6 43
6 44
6 44
6 46
6 46
6 47
6 47
6 48
6 48
6 49
6 49
6 50
6 50
6 51
6 51
6 52
6 52
6 53
6 53
6 54
6 54
6 55
6 55
6 57
6 57
6 59
6 59
6 60
6 60
6 61
6 61
6 64
6 64
6 65
6 65
6 67
6 67
6 69
6 69
6 70
6 70
6 71
6 71
6 76
6 76
6 77
6 77
6 80
6 80
6 84
6 84
6 85
6 85
6 86
6 86
6 91
6 91
6 94
6 94
6 99
6 99
6 101
6 101
6 102
6 102
6 103
6 103
6 104
6 104
6 105
6 105
6 108
6 108
6 110
6 110
6 113
6 113
6 114
6 114
6 116
6 116
6 117
6 117
6 118
6 118
6 120
6 120
6 122
6 122
6 124
6 124
6 126
6 126
6 127
6 127
6 131
6 131
6 137
6 137
6 142
6 142
6 144
6 144
6 161
6 161
6 165
6 165
6 169
6 169
6 170
6 170
6 172
6 172
6 173
6 173
6 175
6 175
6 177
6 177
6 184
6 184
6 186
6 186
6 195
6 195
6 262
6 262
6 266
6 266
6 268
6 268
6 276
6 276
6 279
6 279
6 290
6 290
6 291
6 291
6 292
6 292
6 299
6 299
6 300
6 300
6 303
6 303
6 304
6 304
6 306
6 306
6 307
6 307
6 308
6 308
6 310
6 310
6 311
6 311
6 334
6 334
6 362
6 362
6 364
6 364
6 370
6 370
6 371
6 371
6 372
6 372
6 373
6 373
6 374
6 374
6 375
6 375
6 376
6 376
7 8
7 8
7 9
7 9
7 10
7 10
7 11
7 11
7 12
7 12
7 13
7 13
7 14
7 14
7 15
7 15
7 16
7 16
7 17
7 17
7 18
7 18
7 19
7 19
7 20
7 20
7 21
7 21
7 23
7 23
7 24
7 24
7 25
7 25
7 26
7 26
7 27
7 27
7 28
7 28
7 29
7 29
7 30
7 30
7 31
7 31
7 32
7 32
7 33
7 33
7 34
7 34
7 35
7 35
7 36
7 36
7 37
7 37
7 39
7 39
7 40
7 40
7 41
7 41
7 42
7 42
7 44
7 44
7 46
7 46
7 49
7 49
7 50
7 50
7 51
7 51
7 53
7 53
7 54
7 54
7 55
7 55
7 56
7 56
7 57
7 57
7 59
7 59
7 60
7 60
7 61
7 61
7 63
7 63
7 64
7 64
7 66
7 66
7 68
7 68
7 69
7 69
7 72
7 72
7 73
7 73
7 74
7 74
7 76
7 76
7 77
7 77
7 78
7 78
7 79
7 79
7 80
7 80
7 81
7 81
7 83
7 83
7 84
7 84
7 85
7 85
7 86
7 86
7 87
7 87
7 89
7 89
7 91
7 91
7 95
7 95
7 99
7 99
7 100
7 100
7 101
7 101
7 104
7 104
7 105
7 105
7 106
7 106
7 108
7 108
7 109
7 109
7 110
7 110
7 114
7 114
7 116
7 116
7 118
7 118
7 122
7 122
7 131
7 131
7 134
7 134
7 136
7 136
7 143
7 143
7 156
7 156
7 179
7 179
7 183
7 183
7 264
7 264
7 266
7 266
7 268
7 268
7 269
7 269
7 272
7 272
7 280
7 280
7 281
7 281
7 291
7 291
7 292
7 292
7 294
7 294
7 297
7 297
7 300
7 300
7 304
7 304
7 305
7 305
7 311
7 311
7 312
7 312
7 377
7 377
7 378
7 378
7 379
7 379
8 9
8 9
8 10
8 10
8 11
8 11
8 12
8 12
8 13
8 13
8 14
8 14
8 16
8 16
8 17
8 17
8 18
8 18
8 19
8 19
8 20
8 20
8 21
8 21
8 22
8 22
8 23
8 23
8 24
8 24
8 25
8 25
8 26
8 26
8 27
8 27
8 28
8 28
8 29
8 29
8 30
8 30
8 32
8 32
8 33
8 33
8 34
8 34
8 35
8 35
8 36
8 36
8 37
8 37
8 38
8 38
8 39
8 39
8 40
8 40
8 41
8 41
8 42
8 42
8 43
8 43
8 44
8 44
8 46
8 46
8 47
8 47
8 48
8 48
8 49
8 49
8 50
8 50
8 51
8 51
8 52
8 52
8 57
8 57
8 60
8 60
8 61
8 61
8 62
8 62
8 63
8 63
8 64
8 64
8 65
8 65
8 66
8 66
8 67
8 67
8 69
8 69
8 70
8 70
8 90
8 90
8 93
8 93
8 96
8 96
8 97
8 97
8 121
8 121
8 165
8 165
8 262
8 262
8 281
8 281
8 290
8 290
8 299
8 299
8 309
8 309
8 318
8 318
8 343
8 343
8 380
8 380
9 10
9 10
9 11
9 11
9 12
9 12
9 13
9 13
9 14
9 14
9 15
9 15
9 16
9 16
9 17
9 17
9 18
9 18
9 19
9 19
9 20
9 20
9 21
9 21
9 22
9 22
9 23
9 23
9 24
9 24
9 25
9 25
9 26
9 26
9 27
9 27
9 28
9 28
9 29
9 29
9 30
9 30
9 31
9 31
9 32
9 32
9 33
9 33
9 35
9 35
9 36
9 36
9 37
9 37
9 38
9 38
9 39
9 39
9 40
9 40
9 41
9 41
9 42
9 42
9 43
9 43
9 44
9 44
9 46
9 46
9 47
9 47
9 48
9 48
9 49
9 49
9 50
9 50
9 51
9 51
9 52
9 52
9 54
9 54
9 55
9 55
9 58
9 58
9 59
9 59
9 61
9 61
9 63
9 63
9 64
9 64
9 65
9 65
9 66
9 66
9 67
9 67
9 76
9 76
9 77
9 77
9 80
9 80
9 91
9 91
9 99
9 99
9 104
9 104
9 116
9 116
9 118
9 118
9 139
9 139
9 262
9 262
9 266
9 266
9 269
9 269
9 272
9 272
9 276
9 276
9 280
9 280
9 281
9 281
9 291
9 291
9 292
9 292
9 293
9 293
9 300
9 300
9 302
9 302
9 303
9 303
9 305
9 305
9 307
9 307
9 310
9 310
9 322
9 322
9 376
9 376
9 378
9 378
9 381
9 381
9 382
9 382
9 383
9 383
9 384
9 384
9 385
9 385
9 386
9 386
9 387
9 387
9 388
9 388
9 389
9 389
9 390
9 390
10 11
10 11
10 12
10 12
10 13
10 13
10 14
10 14
10 15
10 15
10 16
10 16
10 17
10 17
10 18
10 18
10 19
10 19
10 20
10 20
10 21
10 21
10 22
10 22
10 24
10 24
10 25
10 25
10 26
10 26
10 27
10 27
10 28
10 28
10 29
10 29
10 30
10 30
10 31
10 31
10 32
10 32
10 33
10 33
10 34
10 34
10 35
10 35
10 36
10 36
10 37
10 37
10 39
10 39
10 40
10 40
10 41
10 41
10 42
10 42
10 43
10 43
10 44
10 44
10 45
10 45
10 46
10 46
10 47
10 47
10 48
10 48
10 49
10 49
10 51
10 51
10 52
10 52
10 54
10 54
10 55
10 55
10 56
10 56
10 57
10 57
10 59
10 59
10 61
10 61
10 62
10 62
10 63
10 63
10 64
10 64
10 65
10 65
10 66
10 66
10 67
10 67
10 73
10 73
10 77
10 77
10 78
10 78
10 79
10 79
10 81
10 81
10 82
10 82
10 86
10 86
10 90
10 90
10 92
10 92
10 93
10 93
10 97
10 97
10 103
10 103
10 130
10 130
10 135
10 135
10 145
10 145
10 148
10 148
10 165
10 165
10 258
10 258
10 259
10 259
10 262
10 262
10 263
10 263
10 264
10 264
10 266
10 266
10 268
10 268
10 274
10 274
10 276
10 276
10 279
10 279
10 280
10 280
10 281
10 281
10 286
10 286
10 290
10 290
10 291
10 291
10 293
10 293
10 299
10 299
10 300
10 300
10 302
10 302
10 308
10 308
10 313
10 313
10 317
10 317
10 320
10 320
10 324
10 324
10 325
10 325
10 327
10 327
10 328
10 328
10 391
10 391
10 392
10 392
10 393
10 393
10 394
10 394
11 12
11 12
11 13
11 13
11 14
11 14
11 15
11 15
11 16
11 16
11 17
11 17
11 18
11 18
11 19
11 19
11 20
11 20
11 21
11 21
11 23
11 23
11 24
11 24
11 25
11 25
11 26
11 26
11 27
11 27
11 29
11 29
11 30
11 30
11 32
11 32
11 36
11 36
11 37
11 37
11 39
11 39
11 40
11 40
11 41
11 41
11 44
11 44
11 46
11 46
11 50
11 50
11 51
11 51
11 53
11 53
11 54
11 54
11 56
11 56
11 59
11 59
11 60
11 60
11 61
11 61
11 63
11 63
11 66
11 66
11 68
11 68
11 69
11 69
11 72
11 72
11 73
11 73
11 74
11 74
11 78
11 78
11 79
11 79
11 81
11 81
11 82
11 82
11 83
11 83
11 86
11 86
11 89
11 89
11 92
11 92
11 95
11 95
11 100
11 100
11 106
11 106
11 254
11 254
11 255
11 255
11 258
11 258
11 259
11 259
11 260
11 260
11 261
11 261
11 264
11 264
11 265
11 265
11 266
11 266
11 270
11 270
11 271
11 271
11 273
11 273
11 275
11 275
11 277
11 277
11 280
11 280
11 281
11 281
11 282
11 282
11 283
11 283
11 284
11 284
11 286
11 286
11 289
11 289
11 291
11 291
11 294
11 294
11 296
11 296
11 298
11 298
11 300
11 300
11 302
11 302
11 395
11 395
11 396
11 396
11 397
11 397
11 398
11 398
11 399
11 399
12 13
12 13
12 14
12 14
12 16
12 16
12 17
12 17
12 18
12 18
12 19
12 19
12 20
12 20
12 21
12 21
12 22
12 22
12 23
12 23
12 26
12 26
12 27
12 27
12 28
12 28
12 29
12 29
12 31
12 31
12 32
12 32
12 33
12 33
12 36
12 36
12 37
12 37
12 39
12 39
12 42
12 42
12 43
12 43
12 51
12 51
12 55
12 55
12 57
12 57
12 58
12 58
12 61
12 61
12 70
12 70
12 75
12 75
12 96
12 96
12 112
12 112
12 146
12 146
12 165
12 165
12 268
12 268
12 290
12 290
12 299
12 299
12 318
12 318
12 334
12 334
12 335
12 335
12 339
12 339
12 340
12 340
12 341
12 341
12 343
12 343
12 344
12 344
12 400
12 400
12 401
12 401
12 402
12 402
12 403
12 403
12 404
12 404
12 405
12 405
13 14
13 14
13 16
13 16
13 17
13 17
13 19
13 19
13 20
13 20
13 21
13 21
13 22
13 22
13 23
13 23
13 25
13 25
13 26
13 26
13 27
13 27
13 28
13 28
13 29
13 29
13 31
13 31
13 32
13 32
13 33
13 33
13 34
13 34
13 35
13 35
13 36
13 36
13 40
13 40
13 42
13 42
13 43
13 43
13 48
13 48
13 52
13 52
13 55
13 55
13 57
13 57
13 58
13 58
13 70
13 70
13 71
13 71
13 94
13 94
13 96
13 96
13 98
13 98
13 102
13 102
13 112
13 112
13 113
13 113
13 114
13 114
13 115
13 115
13 120
13 120
13 121
13 121
13 126
13 126
13 152
13 152
13 154
13 154
13 155
13 155
13 162
13 162
13 163
13 163
13 165
13 165
13 290
13 290
13 299
13 299
13 309
13 309
13 318
13 318
13 340
13 340
13 346
13 346
13 352
13 352
13 404
13 404
13 406
13 406
13 407
13 407
13 408
13 408
13 409
13 409
13 410
13 410
13 411
13 411
13 412
13 412
13 413
13 413
14 15
14 15
14 16
14 16
14 17
14 17
14 18
14 18
14 19
14 19
14 20
14 20
14 21
14 21
14 22
14 22
14 23
14 23
14 24
14 24
14 25
14 25
14 26
14 26
14 27
14 27
14 28
14 28
14 29
14 29
14 30
14 30
14 32
14 32
14 36
14 36
14 37
14 37
14 39
14 39
14 40
14 40
14 41
14 41
14 44
14 44
14 46
14 46
14 50
14 50
14 51
14 51
14 53
14 53
14 54
14 54
14 56
14 56
14 59
14 59
14 60
14 60
14 61
14 61
14 63
14 63
14 66
14 66
14 68
14 68
14 69
14 69
14 72
14 72
14 73
14 73
14 74
14 74
14 79
14 79
14 81
14 81
14 83
14 83
14 84
14 84
14 85
14 85
14 87
14 87
14 95
14 95
14 106
14 106
14 109
14 109
14 119
14 119
14 129
14 129
14 134
14 134
14 136
14 136
14 143
14 143
14 150
14 150
14 160
14 160
14 215
14 215
14 256
14 256
14 259
14 259
14 261
14 261
14 264
14 264
14 266
14 266
14 278
14 278
14 280
14 280
14 283
14 283
14 287
14 287
14 289
14 289
14 291
14 291
14 295
14 295
14 300
14 300
14 414
14 414
14 415
14 415
14 416
14 416
14 417
14 417
14 418
14 418
14 419
14 419
15 17
15 17
15 18
15 18
15 19
15 19
15 20
15 20
15 21
15 21
15 23
15 23
15 24
15 24
15 25
15 25
15 27
15 27
15 29
15 29
15 30
15 30
15 32
15 32
15 36
15 36
15 37
15 37
15 38
15 38
15 39
15 39
15 40
15 40
15 41
15 41
15 44
15 44
15 46
15 46
15 51
15 51
15 53
15 53
15 54
15 54
15 56
15 56
15 59
15 59
15 60
15 60
15 61
15 61
15 63
15 63
15 66
15 66
15 68
15 68
15 69
15 69
15 72
15 72
15 73
15 73
15 74
15 74
15 78
15 78
15 79
15 79
15 81
15 81
15 83
15 83
15 84
15 84
15 87
15 87
15 89
15 89
15 106
15 106
15 119
15 119
15 122
15 122
15 129
15 129
15 147
15 147
15 150
15 150
15 160
15 160
15 215
15 215
15 259
15 259
15 261
15 261
15 266
15 266
15 268
15 268
15 289
15 289
15 291
15 291
15 302
15 302
15 417
15 417
16 17
16 17
16 18
16 18
16 19
16 19
16 20
16 20
16 21
16 21
16 22
16 22
16 23
16 23
16 24
16 24
16 25
16 25
16 26
16 26
16 27
16 27
16 29
16 29
16 30
16 30
16 31
16 31
16 32
16 32
16 33
16 33
16 34
16 34
16 35
16 35
16 36
16 36
16 37
16 37
16 39
16 39
16 40
16 40
16 41
16 41
16 42
16 42
16 44
16 44
16 46
16 46
16 47
16 47
16 49
16 49
16 50
16 50
16 51
16 51
16 53
16 53
16 54
16 54
16 55
16 55
16 56
16 56
16 59
16 59
16 60
16 60
16 61
16 61
16 63
16 63
16 64
16 64
16 66
16 66
16 67
16 67
16 68
16 68
16 69
16 69
16 72
16 72
16 73
16 73
16 74
16 74
16 76
16 76
16 77
16 77
16 78
16 78
16 79
16 79
16 81
16 81
16 84
16 84
16 85
16 85
16 87
16 87
16 89
16 89
16 128
16 128
16 129
16 129
16 140
16 140
16 150
16 150
16 160
16 160
16 255
16 255
16 259
16 259
16 266
16 266
16 268
16 268
16 280
16 280
16 291
16 291
16 294
16 294
16 300
16 300
16 308
16 308
16 313
16 313
17 18
17 18
17 19
17 19
17 20
17 20
17 21
17 21
17 22
17 22
17 23
17 23
17 24
17 24
17 25
17 25
17 26
17 26
17 27
17 27
17 28
17 28
17 29
17 29
17 30
17 30
17 32
17 32
17 33
17 33
17 36
17 36
17 37
17 37
17 38
17 38
17 39
17 39
17 40
17 40
17 41
17 41
17 44
17 44
17 46
17 46
17 47
17 47
17 48
17 48
17 49
17 49
17 50
17 50
17 51
17 51
17 53
17 53
17 54
17 54
17 56
17 56
17 59
17 59
17 60
17 60
17 61
17 61
17 63
17 63
17 64
17 64
17 65
17 65
17 66
17 66
17 67
17 67
17 68
17 68
17 69
17 69
17 72
17 72
17 73
17 73
17 74
17 74
17 76
17 76
17 77
17 77
17 78
17 78
17 79
17 79
17 80
17 80
17 81
17 81
17 82
17 82
17 83
17 83
17 84
17 84
17 85
17 85
17 87
17 87
17 89
17 89
17 91
17 91
17 92
17 92
17 95
17 95
17 100
17 100
17 101
17 101
17 105
17 105
17 106
17 106
17 107
17 107
17 108
17 108
17 109
17 109
17 110
17 110
17 119
17 119
17 128
17 128
17 189
17 189
17 255
17 255
17 256
17 256
17 259
17 259
17 260
17 260
17 261
17 261
17 262
17 262
17 264
17 264
17 266
17 266
17 268
17 268
17 269
17 269
17 272
17 272
17 276
17 276
17 278
17 278
17 280
17 280
17 281
17 281
17 285
17 285
17 288
17 288
17 291
17 291
17 292
17 292
17 294
17 294
17 295
17 295
17 296
17 296
17 297
17 297
17 298
17 298
17 299
17 299
17 300
17 300
17 304
17 304
18 19
18 19
18 20
18 20
18 21
18 21
18 22
18 22
18 23
18 23
18 24
18 24
18 25
18 25
18 27
18 27
18 28
18 28
18 29
18 29
18 30
18 30
18 32
18 32
18 36
18 36
18 37
18 37
18 38
18 38
18 39
18 39
18 40
18 40
18 41
18 41
18 44
18 44
18 46
18 46
18 47
18 47
18 48
18 48
18 49
18 49
18 50
18 50
18 51
18 51
18 53
18 53
18 54
18 54
18 56
18 56
18 59
18 59
18 60
18 60
18 61
18 61
18 63
18 63
18 64
18 64
18 66
18 66
18 68
18 68
18 69
18 69
18 72
18 72
18 73
18 73
18 82
18 82
18 86
18 86
18 92
18 92
18 100
18 100
18 105
18 105
18 107
18 107
18 109
18 109
18 111
18 111
18 118
18 118
18 123
18 123
18 128
18 128
18 266
18 266
18 278
18 278
18 285
18 285
18 288
18 288
18 289
18 289
18 296
18 296
19 20
19 20
19 21
19 21
19 22
19 22
19 23
19 23
19 24
19 24
19 25
19 25
19 26
19 26
19 27
19 27
19 28
19 28
19 29
19 29
19 30
19 30
19 32
19 32
19 35
19 35
19 36
19 36
19 37
19 37
19 40
19 40
19 41
19 41
19 44
19 44
19 46
19 46
19 51
19 51
19 56
19 56
19 59
19 59
19 60
19 60
19 63
19 63
19 69
19 69
19 72
19 72
19 73
19 73
19 74
19 74
19 83
19 83
19 84
19 84
19 85
19 85
19 87
19 87
19 89
19 89
19 95
19 95
19 114
19 114
19 119
19 119
19 129
19 129
19 143
19 143
19 147
19 147
19 160
19 160
19 193
19 193
19 259
19 259
19 278
19 278
19 291
19 291
19 417
19 417
19 420
19 420
19 421
19 421
19 422
19 422
19 423
19 423
20 21
20 21
20 23
20 23
20 24
20 24
20 25
20 25
20 26
20 26
20 27
20 27
20 28
20 28
20 29
20 29
20 30
20 30
20 32
20 32
20 36
20 36
20 37
20 37
20 39
20 39
20 40
20 40
20 41
20 41
20 42
20 42
20 44
20 44
20 46
20 46
20 50
20 50
20 51
20 51
20 53
20 53
20 56
20 56
20 59
20 59
20 60
20 60
20 61
20 61
20 63
20 63
20 64
20 64
20 66
20 66
20 68
20 68
20 69
20 69
20 72
20 72
20 73
20 73
20 74
20 74
20 76
20 76
20 79
20 79
20 80
20 80
20 81
20 81
20 83
20 83
20 84
20 84
20 85
20 85
20 87
20 87
20 91
20 91
20 95
20 95
20 100
20 100
20 106
20 106
20 108
20 108
20 134
20 134
20 136
20 136
20 143
20 143
20 187
20 187
20 189
20 189
20 192
20 192
20 196
20 196
20 214
20 214
20 216
20 216
20 256
20 256
20 259
20 259
20 261
20 261
20 264
20 264
20 266
20 266
20 269
20 269
20 272
20 272
20 275
20 275
20 280
20 280
20 281
20 281
20 282
20 282
20 283
20 283
20 291
20 291
20 292
20 292
20 297
20 297
20 298
20 298
20 300
20 300
20 304
20 304
20 311
20 311
20 377
20 377
20 416
20 416
20 417
20 417
20 418
20 418
20 419
20 419
20 424
20 424
20 425
20 425
20 426
20 426
20 427
20 427
20 428
20 428
20 429
20 429
20 430
20 430
20 431
20 431
20 432
20 432
20 433
20 433
20 434
20 434
21 22
21 22
21 23
21 23
21 24
21 24
21 25
21 25
21 28
21 28
21 29
21 29
21 30
21 30
21 32
21 32
21 37
21 37
21 38
21 38
21 39
21 39
21 40
21 40
21 41
21 41
21 44
21 44
21 46
21 46
21 47
21 47
21 48
21 48
21 49
21 49
21 50
21 50
21 51
21 51
21 53
21 53
21 54
21 54
21 56
21 56
21 59
21 59
21 60
21 60
21 61
21 61
21 63
21 63
21 66
21 66
21 67
21 67
21 68
21 68
21 69
21 69
21 72
21 72
21 73
21 73
21 74
21 74
21 82
21 82
21 85
21 85
21 109
21 109
21 119
21 119
21 140
21 140
21 149
21 149
21 160
21 160
21 259
21 259
21 264
21 264
21 278
21 278
21 281
21 281
21 291
21 291
21 300
21 300
21 419
21 419
21 427
21 427
22 26
22 26
22 27
22 27
22 28
22 28
22 31
22 31
22 32
22 32
22 33
22 33
22 34
22 34
22 35
22 35
22 42
22 42
22 43
22 43
22 47
22 47
22 48
22 48
22 49
22 49
22 52
22 52
22 55
22 55
22 57
22 57
22 62
22 62
22 64
22 64
22 65
22 65
22 67
22 67
22 70
22 70
22 71
22 71
22 77
22 77
22 96
22 96
22 102
22 102
22 113
22 113
22 114
22 114
22 120
22 120
22 121
22 121
22 126
22 126
22 133
22 133
22 154
22 154
22 155
22 155
22 159
22 159
22 165
22 165
22 185
22 185
22 262
22 262
22 279
22 279
22 290
22 290
22 299
22 299
22 309
22 309
22 343
22 343
22 346
22 346
22 350
22 350
22 364
22 364
22 405
22 405
22 410
22 410
22 435
22 435
22 436
22 436
23 24
23 24
23 25
23 25
23 26
23 26
23 29
23 29
23 30
23 30
23 32
23 32
23 34
23 34
23 35
23 35
23 37
23 37
23 38
23 38
23 40
23 40
23 41
23 41
23 44
23 44
23 46
23 46
23 48
23 48
23 50
23 50
23 51
23 51
23 53
23 53
23 59
23 59
23 60
23 60
23 61
23 61
23 64
23 64
23 66
23 66
23 68
23 68
23 76
23 76
23 77
23 77
23 80
23 80
23 82
23 82
23 91
23 91
23 99
23 99
23 105
23 105
23 123
23 123
23 139
23 139
23 266
23 266
23 276
23 276
23 278
23 278
23 280
23 280
23 281
23 281
23 292
23 292
23 294
23 294
23 297
23 297
24 25
24 25
24 27
24 27
24 28
24 28
24 29
24 29
24 30
24 30
24 32
24 32
24 36
24 36
24 37
24 37
24 38
24 38
24 39
24 39
24 40
24 40
24 41
24 41
24 44
24 44
24 46
24 46
24 47
24 47
24 48
24 48
24 49
24 49
24 50
24 50
24 51
24 51
24 53
24 53
24 54
24 54
24 56
24 56
24 59
24 59
24 61
24 61
24 66
24 66
24 68
24 68
24 86
24 86
24 107
24 107
24 109
24 109
24 111
24 111
24 128
24 128
24 274
24 274
24 278
24 278
24 285
24 285
24 288
24 288
24 294
24 294
24 296
24 296
24 437
24 437
25 28
25 28
25 29
25 29
25 30
25 30
25 32
25 32
25 36
25 36
25 37
25 37
25 39
25 39
25 40
25 40
25 41
25 41
25 44
25 44
25 46
25 46
25 50
25 50
25 51
25 51
25 53
25 53
25 54
25 54
25 56
25 56
25 60
25 60
25 61
25 61
25 63
25 63
25 64
25 64
25 68
25 68
25 69
25 69
25 72
25 72
25 73
25 73
25 74
25 74
25 76
25 76
25 77
25 77
25 79
25 79
25 81
25 81
25 84
25 84
25 85
25 85
25 87
25 87
25 92
25 92
25 129
25 129
25 160
25 160
25 258
25 258
25 259
25 259
25 264
25 264
25 266
25 266
25 289
25 289
25 300
25 300
25 419
25 419
26 27
26 27
26 28
26 28
26 31
26 31
26 32
26 32
26 33
26 33
26 34
26 34
26 35
26 35
26 36
26 36
26 38
26 38
26 39
26 39
26 40
26 40
26 42
26 42
26 43
26 43
26 47
26 47
26 48
26 48
26 49
26 49
26 58
26 58
26 62
26 62
26 70
26 70
26 165
26 165
26 299
26 299
27 28
27 28
27 29
27 29
27 30
27 30
27 32
27 32
27 33
27 33
27 34
27 34
27 35
27 35
27 36
27 36
27 37
27 37
27 39
27 39
27 40
27 40
27 41
27 41
27 44
27 44
27 46
27 46
27 47
27 47
27 50
27 50
27 51
27 51
27 53
27 53
27 54
27 54
27 59
27 59
27 60
27 60
27 61
27 61
27 63
27 63
27 66
27 66
27 68
27 68
27 69
27 69
27 71
27 71
27 72
27 72
27 73
27 73
27 74
27 74
27 78
27 78
27 79
27 79
27 81
27 81
27 83
27 83
27 84
27 84
27 85
27 85
27 87
27 87
27 95
27 95
27 106
27 106
27 134
27 134
27 136
27 136
27 214
27 214
27 259
27 259
27 261
27 261
27 264
27 264
27 266
27 266
27 291
27 291
27 295
27 295
27 300
27 300
27 309
27 309
27 425
27 425
28 29
28 29
28 30
28 30
28 34
28 34
28 35
28 35
28 37
28 37
28 39
28 39
28 41
28 41
28 50
28 50
28 52
28 52
28 53
28 53
28 55
28 55
28 56
28 56
28 59
28 59
28 60
28 60
28 63
28 63
28 69
28 69
28 72
28 72
28 74
28 74
28 87
28 87
28 309
28 309
29 30
29 30
29 36
29 36
29 37
29 37
29 39
29 39
29 40
29 40
29 41
29 41
29 50
29 50
29 54
29 54
29 59
29 59
29 111
29 111
29 140
29 140
29 268
29 268
29 294
29 294
29 296
29 296
29 437
29 437
30 32
30 32
30 36
30 36
30 37
30 37
30 39
30 39
30 40
30 40
30 41
30 41
30 44
30 44
30 50
30 50
30 51
30 51
30 53
30 53
30 54
30 54
30 68
30 68
30 89
30 89
30 109
30 109
30 111
30 111
30 274
30 274
30 278
30 278
30 294
30 294
30 296
30 296
30 437
30 437
31 33
31 33
31 34
31 34
31 35
31 35
31 42
31 42
31 43
31 43
31 52
31 52
31 58
31 58
31 75
31 75
31 88
31 88
31 141
31 141
31 318
31 318
31 339
31 339
31 438
31 438
31 439
31 439
32 33
32 33
32 34
32 34
32 35
32 35
32 36
32 36
32 37
32 37
32 38
32 38
32 39
32 39
32 40
32 40
32 41
32 41
32 42
32 42
32 43
32 43
32 44
32 44
32 47
32 47
32 48
32 48
32 49
32 49
32 51
32 51
32 53
32 53
32 59
32 59
32 64
32 64
32 65
32 65
32 67
32 67
32 68
32 68
32 77
32 77
32 89
32 89
32 91
32 91
32 104
32 104
32 194
32 194
32 205
32 205
32 229
32 229
32 262
32 262
32 276
32 276
32 281
32 281
32 302
32 302
32 310
32 310
32 410
32 410
32 440
32 440
32 441
32 441
32 442
32 442
33 34
33 34
33 35
33 35
33 42
33 42
33 43
33 43
33 48
33 48
33 52
33 52
33 55
33 55
33 57
33 57
33 70
33 70
33 71
33 71
33 96
33 96
33 102
33 102
33 112
33 112
33 120
33 120
33 121
33 121
33 146
33 146
33 165
33 165
33 290
33 290
33 299
33 299
33 318
33 318
33 340
33 340
33 403
33 403
33 404
33 404
33 443
33 443
33 444
33 444
33 445
33 445
34 35
34 35
34 38
34 38
34 39
34 39
34 40
34 40
34 42
34 42
34 43
34 43
34 48
34 48
34 52
34 52
34 57
34 57
34 58
34 58
34 70
34 70
34 71
34 71
34 75
34 75
34 309
34 309
34 318
34 318
34 403
34 403
35 42
35 42
35 47
35 47
35 52
35 52
35 57
35 57
35 58
35 58
35 70
35 70
35 165
35 165
35 290
35 290
35 299
35 299
35 318
35 318
35 343
35 343
36 37
36 37
36 39
36 39
36 40
36 40
36 41
36 41
36 44
36 44
36 46
36 46
36 47
36 47
36 49
36 49
36 51
36 51
36 54
36 54
36 56
36 56
36 59
36 59
36 61
36 61
36 64
36 64
36 65
36 65
36 66
36 66
36 67
36 67
36 76
36 76
36 77
36 77
36 79
36 79
36 80
36 80
36 82
36 82
36 86
36 86
36 92
36 92
36 99
36 99
36 104
36 104
36 107
36 107
36 130
36 130
36 135
36 135
36 139
36 139
36 145
36 145
36 153
36 153
36 174
36 174
36 258
36 258
36 260
36 260
36 269
36 269
36 274
36 274
36 276
36 276
36 280
36 280
36 281
36 281
36 284
36 284
36 286
36 286
36 288
36 288
36 293
36 293
36 296
36 296
36 298
36 298
36 300
36 300
36 302
36 302
36 322
36 322
36 334
36 334
36 385
36 385
36 389
36 389
36 446
36 446
36 447
36 447
36 448
36 448
36 449
36 449
37 39
37 39
37 40
37 40
37 41
37 41
37 44
37 44
37 46
37 46
37 50
37 50
37 51
37 51
37 53
37 53
37 54
37 54
37 56
37 56
37 59
37 59
37 60
37 60
37 61
37 61
37 63
37 63
37 68
37 68
37 69
37 69
37 72
37 72
37 74
37 74
37 76
37 76
37 78
37 78
37 79
37 79
37 80
37 80
37 83
37 83
37 84
37 84
37 85
37 85
37 87
37 87
37 89
37 89
37 95
37 95
37 264
37 264
37 266
37 266
37 272
37 272
37 278
37 278
37 280
37 280
37 291
37 291
37 294
37 294
37 300
37 300
38 39
38 39
38 40
38 40
38 45
38 45
38 47
38 47
38 48
38 48
38 49
38 49
38 62
38 62
38 65
38 65
38 66
38 66
38 67
38 67
38 82
38 82
38 93
38 93
38 103
38 103
38 263
38 263
38 281
38 281
39 40
39 40
39 44
39 44
39 45
39 45
39 54
39 54
39 66
39 66
39 86
39 86
39 281
39 281
39 293
39 293
40 41
40 41
40 44
40 44
40 46
40 46
40 47
40 47
40 49
40 49
40 50
40 50
40 51
40 51
40 52
40 52
40 53
40 53
40 54
40 54
40 56
40 56
40 65
40 65
40 66
40 66
40 67
40 67
40 68
40 68
40 278
40 278
40 281
40 281
40 298
40 298
40 324
40 324
41 46
41 46
41 47
41 47
41 49
41 49
41 50
41 50
41 51
41 51
41 54
41 54
41 63
41 63
41 73
41 73
41 79
41 79
41 81
41 81
41 85
41 85
41 255
41 255
41 398
41 398
42 43
42 43
42 52
42 52
42 58
42 58
42 102
42 102
43 49
43 49
43 52
43 52
43 61
43 61
43 67
43 67
43 70
43 70
43 146
43 146
43 165
43 165
43 290
43 290
43 318
43 318
43 403
43 403
44 46
44 46
44 51
44 51
44 54
44 54
44 59
44 59
44 61
44 61
44 123
44 123
44 266
44 266
44 272
44 272
44 294
44 294
44 297
44 297
45 47
45 47
45 48
45 48
45 49
45 49
45 62
45 62
45 65
45 65
45 67
45 67
45 90
45 90
45 93
45 93
45 97
45 97
45 281
45 281
46 50
46 50
46 51
46 51
46 59
46 59
46 76
46 76
46 266
46 266
47 49
47 49
47 62
47 62
47 90
47 90
47 93
47 93
47 103
47 103
48 62
48 62
48 67
48 67
48 90
48 90
48 93
48 93
48 97
48 97
48 148
48 148
48 165
48 165
48 171
48 171
48 208
48 208
48 262
48 262
48 299
48 299
48 366
48 366
48 450
48 450
48 451
48 451
48 452
48 452
48 453
48 453
48 454
48 454
49 62
49 62
49 103
49 103
49 165
49 165
50 51
50 51
50 56
50 56
50 60
50 60
50 69
50 69
50 72
50 72
50 74
50 74
51 59
51 59
51 61
51 61
51 64
51 64
51 76
51 76
51 77
51 77
51 80
51 80
51 99
51 99
51 101
51 101
51 105
51 105
51 108
51 108
51 110
51 110
51 131
51 131
51 137
51 137
51 156
51 156
51 165
51 165
51 266
51 266
51 312
51 312
51 375
51 375
51 455
51 455
52 120
52 120
53 69
53 69
53 129
53 129
53 147
53 147
53 160
53 160
53 278
53 278
54 63
54 63
54 66
54 66
54 278
54 278
54 296
54 296
54 397
54 397
55 94
55 94
55 98
55 98
55 125
55 125
55 132
55 132
55 138
55 138
55 151
55 151
55 158
55 158
55 164
55 164
55 176
55 176
55 180
55 180
55 182
55 182
55 190
55 190
55 233
55 233
55 245
55 245
55 456
55 456
55 457
55 457
55 458
55 458
55 459
55 459
55 460
55 460
56 109
56 109
56 278
56 278
56 296
56 296
57 70
57 70
57 436
57 436
58 75
58 75
58 88
58 88
58 141
58 141
58 339
58 339
58 439
58 439
59 109
59 109
59 111
59 111
60 69
60 69
60 72
60 72
60 74
60 74
60 83
60 83
60 85
60 85
60 134
60 134
61 66
61 66
61 266
61 266
61 280
61 280
62 90
62 90
62 93
62 93
62 165
62 165
63 289
63 289
63 291
63 291
64 165
64 165
65 67
65 67
65 262
65 262
66 92
66 92
67 262
67 262
68 69
68 69
69 72
69 72
69 74
69 74
69 83
69 83
69 84
69 84
69 85
69 85
69 87
69 87
69 95
69 95
69 119
69 119
69 129
69 129
69 134
69 134
69 213
69 213
69 215
69 215
69 278
69 278
70 71
70 71
70 102
70 102
70 113
70 113
70 133
70 133
70 152
70 152
70 155
70 155
70 165
70 165
70 346
70 346
71 120
71 120
71 126
71 126
71 165
71 165
71 411
71 411
72 74
72 74
72 85
72 85
72 134
72 134
73 89
73 89
74 85
74 85
74 134
74 134
74 143
74 143
74 417
74 417
75 88
75 88
75 141
75 141
75 439
75 439
76 105
76 105
77 80
77 80
77 165
77 165
78 254
78 254
79 255
79 255
79 259
79 259
80 110
80 110
80 137
80 137
80 165
80 165
81 254
81 254
82 135
82 135
83 95
83 95
83 136
83 136
83 416
83 416
84 119
84 119
85 109
85 109
85 150
85 150
85 160
85 160
86 296
86 296
87 461
87 461
88 141
88 141
89 109
89 109
90 165
90 165
91 165
91 165
92 135
92 135
93 165
93 165
94 157
94 157
94 180
94 180
94 190
94 190
94 201
94 201
94 204
94 204
94 250
94 250
94 462
94 462
94 463
94 463
94 464
94 464
95 134
95 134
95 140
95 140
95 287
95 287
96 347
96 347
97 165
97 165
98 115
98 115
98 166
98 166
98 167
98 167
98 413
98 413
98 465
98 465
98 466
98 466
98 467
98 467
98 468
98 468
98 469
98 469
99 116
99 116
100 379
100 379
101 110
101 110
101 131
101 131
101 455
101 455
102 113
102 113
102 120
102 120
102 126
102 126
102 159
102 159
102 165
102 165
102 211
102 211
102 235
102 235
102 410
102 410
102 470
102 470
102 471
102 471
102 472
102 472
103 165
103 165
104 165
104 165
105 312
105 312
106 261
106 261
107 288
107 288
108 455
108 455
109 149
109 149
109 150
109 150
109 160
109 160
110 156
110 156
111 437
111 437
112 165
112 165
113 120
113 120
113 126
113 126
113 410
113 410
114 154
114 154
115 188
115 188
115 191
115 191
115 413
115 413
115 473
115 473
115 474
115 474
115 475
115 475
115 476
115 476
116 118
116 118
117 165
117 165
118 305
118 305
119 140
119 140
119 149
119 149
120 126
120 126
120 165
120 165
120 410
120 410
121 165
121 165
121 445
121 445
122 312
122 312
123 140
123 140
123 149
123 149
123 437
123 437
123 477
123 477
124 165
124 165
125 182
125 182
125 223
125 223
125 237
125 237
125 241
125 241
125 242
125 242
125 244
125 244
125 245
125 245
125 478
125 478
125 479
125 479
125 480
125 480
125 481
125 481
125 482
125 482
125 483
125 483
126 410
126 410
127 165
127 165
127 184
127 184
127 373
127 373
128 285
128 285
129 147
129 147
129 150
129 150
129 160
129 160
129 484
129 484
130 174
130 174
131 156
131 156
132 138
132 138
132 190
132 190
132 198
132 198
132 199
132 199
132 203
132 203
132 207
132 207
132 225
132 225
132 226
132 226
132 238
132 238
132 239
132 239
132 485
132 485
132 486
132 486
132 487
132 487
133 155
133 155
134 143
134 143
134 417
134 417
135 446
135 446
136 379
136 379
137 165
137 165
137 306
137 306
138 221
138 221
138 222
138 222
138 224
138 224
138 228
138 228
138 243
138 243
138 249
138 249
138 250
138 250
138 252
138 252
138 464
138 464
138 488
138 488
138 489
138 489
139 390
139 390
140 149
140 149
140 287
140 287
140 437
140 437
140 477
140 477
141 439
141 439
142 165
142 165
142 220
142 220
143 417
143 417
144 165
144 165
144 490
144 490
145 153
145 153
146 400
146 400
146 403
146 403
147 160
147 160
148 171
148 171
149 150
149 150
149 160
149 160
149 287
149 287
150 160
150 160
150 434
150 434
151 456
151 456
152 412
152 412
153 449
153 449
154 165
154 165
155 165
155 165
156 371
156 371
156 455
156 455
157 232
157 232
157 247
157 247
157 491
157 491
158 456
158 456
159 211
159 211
160 484
160 484
161 165
161 165
162 165
162 165
163 165
163 165
164 469
164 469
165 177
165 177
165 315
165 315
165 330
165 330
165 331
165 331
165 352
165 352
166 465
166 465
166 468
166 468
167 467
167 467
167 476
167 476
168 301
168 301
169 186
169 186
169 362
169 362
170 172
170 172
170 177
170 177
170 372
170 372
171 353
171 353
172 184
172 184
172 490
172 490
173 375
173 375
174 448
174 448
175 492
175 492
176 200
176 200
176 248
176 248
177 184
177 184
177 373
177 373
178 181
178 181
178 246
178 246
178 407
178 407
178 493
178 493
179 494
179 494
180 201
180 201
180 204
180 204
180 226
180 226
180 227
180 227
180 463
180 463
181 493
181 493
182 223
182 223
182 233
182 233
182 481
182 481
183 455
183 455
184 373
184 373
185 360
185 360
185 365
185 365
185 369
185 369
186 362
186 362
187 192
187 192
188 191
188 191
188 473
188 473
189 431
189 431
190 199
190 199
190 226
190 226
190 233
190 233
190 236
190 236
190 485
190 485
190 487
190 487
191 474
191 474
192 430
192 430
193 420
193 420
193 421
193 421
194 205
194 205
194 361
194 361
195 495
195 495
196 231
196 231
196 496
196 496
197 369
197 369
198 207
198 207
199 202
199 202
199 226
199 226
199 238
199 238
200 248
200 248
200 497
200 497
201 227
201 227
201 463
201 463
202 203
202 203
203 239
203 239
204 227
204 227
204 463
204 463
205 361
205 361
206 498
206 498
207 486
207 486
208 451
208 451
209 219
209 219
210 374
210 374
210 455
210 455
211 367
211 367
212 329
212 329
213 461
213 461
214 425
214 425
215 423
215 423
216 426
216 426
216 428
216 428
217 499
217 499
218 220
218 220
219 499
219 499
220 472
220 472
221 222
221 222
221 228
221 228
221 250
221 250
222 228
222 228
222 252
222 252
223 481
223 481
224 247
224 247
224 489
224 489
225 239
225 239
225 486
225 486
226 485
226 485
227 463
227 463
228 249
228 249
229 441
229 441
230 237
230 237
230 483
230 483
231 496
231 496
232 247
232 247
232 491
232 491
233 245
233 245
233 251
233 251
233 480
233 480
234 358
234 358
235 472
235 472
236 487
236 487
237 478
237 478
238 239
238 239
239 486
239 486
240 356
240 356
241 242
241 242
241 482
241 482
242 482
242 482
243 489
243 489
244 479
244 479
245 251
245 251
246 407
246 407
247 491
247 491
248 497
248 497
249 250
249 250
249 464
249 464
250 464
250 464
251 480
251 480
252 488
252 488
